Number of parameters read: 3
Mean: 11.06
Standard deviation: 6.08
Normalized data:
0.67
0.71
0.57
0.76
0.76
0.95
0.19
0.81
0.62
0.29
0.81
0.81
0.24
0.43
0.10
0.52
0.29
0.33
0.52
1.00
0.14
0.86
0.33
0.95
0.62
0.29
0.86
0.33
0.62
0.81
0.00
0.71
0.71
0.43
0.33
0.43
0.57
0.33
1.00
0.24
0.24
0.38
0.05
0.90
0.71
0.14
0.90
0.33
0.57
0.10
0.38
0.48
0.29
0.90
0.62
0.62
0.57
0.38
0.19
0.19
0.19
0.38
0.14
0.57
1.00
0.24
0.86
0.52
0.52
0.05
0.24
1.00
0.10
0.00
1.00
0.81
0.95
0.05
0.62
0.86
0.19
0.43
0.81
0.00
0.62
0.48
0.43
0.81
0.52
0.81
0.43
0.76
0.95
0.43
0.38
0.90
0.71
0.81
0.29
0.43
0.62
0.95
0.52
0.57
0.14
0.38
0.90
0.14
0.76
0.71
0.05
0.81
0.24
0.43
0.14
0.81
0.62
0.90
0.86
0.43
0.29
0.86
0.33
0.43
0.62
0.90
0.62
0.29
0.67
0.67
0.24
0.57
0.95
0.67
0.52
0.33
0.29
0.90
0.38
0.48
0.05
0.62
0.52
0.10
0.29
0.10
0.43
0.86
0.43
0.86
0.38
0.43
0.67
0.76
0.86
0.48
0.29
0.57
0.10
0.05
0.62
0.71
0.71
0.52
0.24
0.71
0.48
0.10
0.52
0.43
0.19
0.81
0.62
0.29
0.24
0.71
0.81
1.00
0.19
0.33
0.19
0.95
0.43
0.29
0.52
0.95
0.48
0.14
0.52
0.86
0.29
0.48
0.67
0.52
0.29
0.76
0.81
0.29
0.62
0.10
1.00
0.76
0.76
0.48
1.00
0.95
0.71
0.90
0.81
0.33
0.57
0.76
0.05
0.62
0.38
0.90
0.52
0.43
0.24
0.62
0.90
0.48
0.52
0.90
0.05
0.62
0.19
0.57
0.43
0.43
0.14
0.19
0.14
0.62
0.71
0.76
1.00
0.62
0.52
0.29
0.43
0.57
0.57
0.67
0.29
0.33
0.29
1.00
0.76
0.33
0.76
0.62
0.24
0.62
0.24
0.52
0.33
0.05
0.52
0.24
0.38
0.57
0.38
0.67
0.43
0.57
0.48
0.76
0.05
0.38
0.43
0.33
0.90
1.00
0.33
0.33
0.76
0.71
0.67
0.62
0.90
0.24
0.86
0.95
0.62
0.05
0.05
0.33
0.71
0.76
0.43
0.05
0.00
1.00
0.76
0.57
0.19
0.52
0.43
0.48
0.10
0.62
0.10
0.86
0.19
0.05
0.10
0.48
0.95
0.48
0.33
0.48
0.57
0.67
0.00
0.33
0.86
0.38
0.14
0.67
0.10
0.29
0.90
0.95
0.05
0.48
0.14
0.14
1.00
0.57
0.52
0.14
0.10
0.10
0.57
0.10
0.57
0.14
0.38
0.81
1.00
0.48
0.86
1.00
1.00
1.00
0.71
1.00
0.71
0.86
0.67
0.52
0.52
0.90
0.90
0.90
0.33
0.48
0.29
0.29
0.81
0.57
0.43
0.38
0.62
0.10
0.81
0.38
0.24
0.10
0.10
1.00
0.10
0.62
0.95
0.81
0.67
0.19
0.81
0.10
0.43
0.24
0.86
0.48
1.00
0.90
0.67
0.48
0.76
0.00
0.67
1.00
0.57
0.29
0.86
0.24
0.48
0.00
0.90
0.71
1.00
0.90
0.33
0.76
0.57
0.76
0.81
0.14
0.57
0.67
0.62
0.10
0.62
0.52
0.48
0.95
0.14
0.71
0.00
0.19
0.05
0.05
0.86
0.76
0.52
0.33
0.86
0.43
0.05
0.76
0.38
0.43
0.38
0.14
0.14
0.57
0.14
1.00
0.19
0.33
0.33
0.14
0.14
0.71
0.52
1.00
0.76
0.86
1.00
0.95
0.71
0.33
0.86
0.81
0.05
0.57
0.14
0.24
0.67
0.62
0.86
0.71
0.52
0.67
0.71
0.14
0.86
0.90
0.81
0.86
0.76
0.57
0.38
0.14
0.29
0.10
0.95
0.81
0.62
0.05
1.00
0.52
0.76
0.71
0.95
0.86
0.10
0.76
0.29
0.67
0.71
0.90
0.62
0.62
0.19
0.62
0.62
0.00
0.67
0.71
0.14
0.90
0.29
0.24
0.76
0.10
0.62
0.43
0.86
0.52
0.05
0.86
0.24
0.95
0.62
0.57
0.38
0.00
0.95
0.48
0.90
0.57
0.62
0.71
0.48
0.62
0.33
0.76
0.52
0.19
0.29
0.52
0.43
0.33
0.48
0.81
0.52
0.90
0.86
1.00
0.90
0.29
0.76
0.29
0.33
0.81
0.57
0.24
0.52
0.52
0.38
0.57
0.33
0.48
0.67
0.19
0.38
0.71
0.76
0.00
0.43
0.67
0.76
0.90
0.43
0.48
0.10
0.81
0.38
0.62
0.62
0.24
0.90
0.24
0.86
0.48
0.29
0.33
0.62
0.19
0.95
0.00
0.33
0.05
0.00
0.57
0.33
0.95
0.05
0.24
0.67
0.90
0.24
0.90
0.52
0.43
0.90
0.19
0.52
0.33
0.24
0.95
1.00
0.62
0.00
0.10
0.90
0.10
0.57
0.10
0.43
0.43
0.62
0.05
0.05
0.52
0.95
0.52
0.43
0.67
0.62
0.19
0.52
0.57
0.10
0.62
0.48
0.48
0.00
0.48
0.14
0.90
0.19
0.71
0.52
0.95
0.48
0.29
0.00
0.48
0.24
1.00
0.81
0.24
0.86
0.43
0.10
0.14
0.29
0.43
0.33
0.29
0.38
0.38
0.05
0.62
1.00
0.10
0.43
0.52
0.48
1.00
0.81
0.00
0.29
0.48
0.48
0.33
0.57
0.05
0.48
0.38
0.33
0.67
0.67
0.10
0.43
1.00
0.05
0.52
0.71
0.33
0.67
0.33
0.52
0.19
0.76
1.00
0.14
0.76
0.00
0.57
0.29
0.33
0.38
0.00
0.62
0.05
0.86
0.71
0.90
0.10
0.33
0.48
0.38
0.33
0.86
0.05
1.00
0.95
0.33
0.71
0.43
0.90
0.81
0.05
0.90
1.00
0.57
0.62
0.76
0.95
0.81
0.05
0.57
0.62
0.71
0.90
0.86
0.14
0.19
0.14
0.86
0.43
0.67
0.00
0.86
0.71
1.00
0.48
0.67
0.29
0.57
1.00
0.14
0.14
0.57
1.00
0.48
0.29
0.76
0.29
0.86
0.10
1.00
0.90
0.57
0.81
0.14
0.48
0.24
0.52
0.95
0.62
0.62
0.43
0.10
1.00
0.00
0.95
0.38
0.67
0.05
0.86
0.00
0.67
0.14
0.76
0.71
0.10
0.90
0.10
0.67
0.10
0.33
1.00
0.62
0.38
0.48
0.71
0.90
0.90
0.81
0.43
0.86
0.62
0.38
0.90
0.48
0.90
0.90
0.62
0.19
0.52
0.95
1.00
0.76
0.14
0.86
0.86
0.57
0.48
0.43
0.24
0.52
0.38
0.81
0.38
0.62
0.76
0.62
1.00
0.57
0.67
0.67
0.29
0.86
0.67
0.57
0.24
0.14
0.62
0.71
0.29
0.86
0.52
1.00
0.57
0.38
0.48
0.43
0.95
0.52
0.05
0.71
0.81
0.38
0.95
0.38
0.24
0.67
0.48
0.86
1.00
0.19
0.57
0.67
0.33
0.90
0.86
0.48
0.52
0.71
0.24
0.67
0.10
0.14
0.67
0.05
0.57
0.48
0.67
0.57
0.33
0.14
0.57
0.62
0.00
0.43
0.14
0.43
0.67
0.38
0.00
0.71
0.76
0.14
0.38
0.67
0.76
0.86
0.71
1.00
0.62
0.76
0.81
0.67
0.71
0.95
0.38
0.05
0.29
1.00
0.05
0.71
0.38
0.48
0.19
0.86
0.86
0.29
0.05
0.14
0.67
0.43
0.86
0.38
0.14
0.62
0.33
0.57
0.67
0.81
0.00
0.86
0.57
0.62
0.52
0.71
0.43
0.10
0.90
0.90
0.81
0.48
0.29
0.19
0.95
0.43
1.00
0.52
0.10
0.48
0.71
0.81
0.90
0.57
0.81
0.95
0.95
0.48
0.86
0.90
0.86
0.05
0.48
1.00
0.71
0.14
0.29
1.00
0.86
0.29
0.81
0.19
0.43
0.76
0.48
0.19
0.52
0.62
0.81
0.33
1.00
0.05
0.95
0.29
0.48
0.81
0.86
0.33
0.48
0.81
0.90
0.43
0.90
1.00
0.38
1.00
0.10
0.43
0.43
0.14
0.81
0.00
0.43
0.71
0.29
0.24
0.00
